# 0 degree yaw
# RV        A/D
# ===============================
  1.14E+00	3.48E-02
  2.14E+00	3.19E-02
  2.19E+00	2.74E-02
  2.52E+00	2.74E-02
  3.30E+00	9.09E-02
  3.56E+00	2.09E-01
  3.62E+00	2.27E-01
  4.03E+00	2.54E-01
  3.75E+00	2.81E-01
  4.05E+00	2.87E-01
  3.91E+00	3.02E-01
  3.86E+00	3.14E-01
  4.16E+00	3.36E-01
  3.95E+00	3.48E-01
  4.11E+00	3.72E-01
  4.15E+00	3.79E-01
  4.28E+00	3.73E-01
  4.23E+00	4.20E-01
  4.33E+00	5.59E-01
  4.37E+00	8.09E-01
  4.66E+00	8.49E-01
  4.64E+00	8.59E-01
  4.91E+00	8.80E-01
  5.02E+00	9.05E-01
  5.15E+00	9.35E-01
  5.33E+00	9.54E-01
  5.56E+00	9.35E-01
  5.60E+00	9.61E-01
  5.71E+00	9.45E-01
  5.84E+00	9.58E-01
  6.11E+00	9.65E-01
  6.02E+00	9.20E-01
  6.12E+00	9.24E-01
  6.33E+00	9.46E-01
  6.72E+00	9.05E-01
  6.61E+00	8.91E-01
  6.47E+00	8.63E-01
  6.37E+00	8.40E-01
  6.69E+00	8.40E-01
  6.73E+00	7.99E-01
  6.92E+00	7.78E-01
  6.95E+00	5.77E-01
  7.05E+00	5.85E-01
  7.03E+00	5.71E-01
  7.82E+00	6.11E-01
  8.43E+00	6.02E-01
  8.71E+00	6.00E-01
  8.77E+00	5.88E-01
  9.16E+00	6.20E-01
  9.49E+00	6.20E-01
  9.98E+00	5.97E-01
  1.05E+01	5.55E-01
  1.04E+01	5.38E-01
  1.08E+01	5.17E-01
  1.13E+01	4.42E-01
  1.13E+01	4.49E-01
  1.15E+01	4.46E-01
  1.17E+01	3.59E-01
  1.17E+01	2.96E-01
  1.18E+01	2.59E-01
  1.24E+01	1.39E-01
  1.25E+01	1.58E-01
  1.41E+01	1.28E-01
  1.40E+01	1.19E-01
  1.40E+01	1.06E-01
# ===============================
   
 
# Initial Excitation branch
# RV        A/D
# ===============================
  1.05E+00	2.61E-02
  1.25E+00	2.48E-02
  1.47E+00	2.48E-02
  1.71E+00	2.48E-02
  1.91E+00	2.62E-02
  2.15E+00	2.62E-02
  2.39E+00	2.89E-02
  2.60E+00	2.90E-02
  2.76E+00	3.45E-02
  2.85E+00	4.13E-02
  3.00E+00	4.95E-02
  3.09E+00	5.78E-02
  3.17E+00	6.46E-02
  3.20E+00	7.42E-02
  3.26E+00	8.38E-02
  3.35E+00	1.02E-01
  3.39E+00	1.10E-01
  3.39E+00	1.18E-01
  3.44E+00	1.32E-01
  3.46E+00	1.43E-01
  3.50E+00	1.51E-01
  3.54E+00	1.61E-01
  3.56E+00	1.70E-01
  3.61E+00	1.82E-01
  3.65E+00	1.93E-01
  3.68E+00	2.06E-01
  3.70E+00	2.18E-01
  3.76E+00	2.29E-01
  3.80E+00	2.40E-01
  3.81E+00	2.50E-01
  3.89E+00	2.63E-01
  3.91E+00	2.74E-01
  3.94E+00	2.84E-01
  3.98E+00	2.98E-01
  3.98E+00	3.10E-01
  4.02E+00	3.22E-01
  4.07E+00	3.33E-01
  4.11E+00	3.48E-01
  4.15E+00	3.56E-01
  4.17E+00	3.66E-01
  4.17E+00	3.76E-01
  4.20E+00	3.83E-01
  4.24E+00	3.91E-01
  4.28E+00	4.00E-01
  4.26E+00	4.15E-01
  4.30E+00	4.26E-01
  4.31E+00	4.36E-01
  4.33E+00	4.48E-01
  4.33E+00	4.62E-01
  4.33E+00	4.70E-01
  4.35E+00	4.81E-01
  4.37E+00	4.91E-01
  4.39E+00	5.02E-01
  4.41E+00	5.14E-01
  4.39E+00	5.26E-01
  4.43E+00	5.39E-01
  4.41E+00	5.48E-01
  4.43E+00	5.59E-01
  4.43E+00	5.72E-01
  4.43E+00	5.78E-01
# ===========================
   
 
# Upper branch
# RV        A/D
# ===============================
  4.32E+00	8.15E-01
  4.43E+00	8.28E-01
  4.49E+00	8.40E-01
  4.58E+00	8.50E-01
  4.67E+00	8.67E-01
  4.73E+00	8.77E-01
  4.76E+00	8.88E-01
  4.86E+00	8.99E-01
  4.95E+00	9.10E-01
  5.04E+00	9.20E-01
  5.13E+00	9.29E-01
  5.24E+00	9.35E-01
  5.30E+00	9.40E-01
  5.43E+00	9.46E-01
  5.56E+00	9.50E-01
  5.70E+00	9.50E-01
  5.85E+00	9.50E-01
  5.96E+00	9.44E-01
  6.11E+00	9.40E-01
  6.18E+00	9.31E-01
  6.29E+00	9.21E-01
  6.35E+00	9.09E-01
  6.38E+00	8.99E-01
  6.44E+00	8.85E-01
  6.48E+00	8.73E-01
  6.48E+00	8.61E-01
  6.53E+00	8.53E-01
  6.55E+00	8.46E-01
  6.62E+00	8.33E-01
  6.66E+00	8.24E-01
  6.71E+00	8.10E-01
  6.75E+00	8.01E-01
  6.79E+00	7.90E-01
  6.86E+00	7.83E-01
  6.88E+00	7.72E-01
# ============================


# Lower branch
# RV        A/D
# ===============================
  6.95E+00	5.99E-01
  7.25E+00	5.99E-01
  7.47E+00	6.01E-01
  7.70E+00	6.04E-01
  7.91E+00	6.04E-01
  8.14E+00	6.05E-01
  8.86E+00	6.12E-01
  9.08E+00	6.17E-01
  9.31E+00	6.15E-01
  9.51E+00	6.13E-01
  9.75E+00	6.03E-01
  9.97E+00	5.92E-01
  1.02E+01	5.72E-01
  1.04E+01	5.57E-01
  1.06E+01	5.33E-01
  1.07E+01	5.15E-01
  1.09E+01	4.97E-01
  1.10E+01	4.79E-01
  1.11E+01	4.60E-01
  1.12E+01	4.42E-01
  1.13E+01	4.21E-01
  1.14E+01	4.03E-01
  1.15E+01	3.85E-01
  1.16E+01	3.69E-01
  1.16E+01	3.55E-01
  1.17E+01	3.33E-01
  1.17E+01	2.93E-01
  1.18E+01	2.59E-01
  1.18E+01	2.36E-01
  1.19E+01	2.19E-01
  1.20E+01	1.96E-01
  1.21E+01	1.80E-01
  1.23E+01	1.64E-01
  1.27E+01	1.41E-01
  1.29E+01	1.36E-01
  1.31E+01	1.31E-01
  1.34E+01	1.26E-01
  1.36E+01	1.22E-01
  1.38E+01	1.19E-01
  1.40E+01	1.18E-01
  1.42E+01	1.20E-01
  1.45E+01	1.15E-01
  1.47E+01	1.13E-01
  1.49E+01	1.12E-01
  1.51E+01	1.11E-01
  1.54E+01	1.09E-01
  1.56E+01	1.10E-01
  1.58E+01	1.09E-01
  1.60E+01	1.08E-01
  1.63E+01	1.11E-01
  1.65E+01	1.08E-01
  1.67E+01	1.08E-01
  1.69E+01	1.08E-01
  1.72E+01	1.05E-01
  1.74E+01	1.08E-01
  1.76E+01	1.10E-01
  1.78E+01	1.12E-01
# ========================


# RV        f/f_N
# ========================
  2.25E+00	5.05E-01
  2.37E+00	5.21E-01
  3.10E+00	7.10E-01
  3.24E+00	6.85E-01
  3.34E+00	7.67E-01
  3.63E+00	7.30E-01
  3.66E+00	7.59E-01
  3.63E+00	7.92E-01
  3.99E+00	7.92E-01
  3.99E+00	8.29E-01
  4.13E+00	8.25E-01
  4.25E+00	8.45E-01
  4.39E+00	8.82E-01
  4.44E+00	9.27E-01
  4.44E+00	9.60E-01
  3.10E+00	9.68E-01
  3.23E+00	1.00E+00
  3.35E+00	9.68E-01
  3.59E+00	9.60E-01
  3.62E+00	1.01E+00
  3.76E+00	1.02E+00
  3.99E+00	1.04E+00
  4.04E+00	9.97E-01
  4.14E+00	1.02E+00
  4.21E+00	1.06E+00
  4.59E+00	1.05E+00
  4.70E+00	1.08E+00
  4.75E+00	1.01E+00
  4.85E+00	1.07E+00
  4.97E+00	1.10E+00
  5.24E+00	1.09E+00
  5.31E+00	1.10E+00
  5.49E+00	1.12E+00
  5.49E+00	1.15E+00
  5.68E+00	1.20E+00
  5.97E+00	1.19E+00
  6.07E+00	1.16E+00
  6.18E+00	1.21E+00
  6.49E+00	1.23E+00
  6.49E+00	1.20E+00
  6.63E+00	1.24E+00
  6.76E+00	1.22E+00
  7.00E+00	1.25E+00
  7.11E+00	1.29E+00
  7.34E+00	1.29E+00
  7.39E+00	1.27E+00
  7.59E+00	1.29E+00
  7.61E+00	1.35E+00
  6.65E+00	1.36E+00
  6.86E+00	1.36E+00
  6.96E+00	1.34E+00
  7.10E+00	1.35E+00
  7.83E+00	1.36E+00
  7.93E+00	1.41E+00
  8.03E+00	1.37E+00
  8.17E+00	1.40E+00
  8.41E+00	1.40E+00
  8.51E+00	1.36E+00
  8.61E+00	1.36E+00
  8.68E+00	1.33E+00
  8.93E+00	1.39E+00
  9.37E+00	1.36E+00
  9.55E+00	1.36E+00
  9.89E+00	1.36E+00
  9.93E+00	1.39E+00
  1.02E+01	1.36E+00
  1.04E+01	1.36E+00
  1.08E+01	1.36E+00
  1.13E+01	1.40E+00
  1.15E+01	1.38E+00
  1.16E+01	1.40E+00
  1.17E+01	1.41E+00
  1.19E+01	1.40E+00
  1.21E+01	1.40E+00
  1.24E+01	1.44E+00
  1.26E+01	1.47E+00
  1.35E+01	1.48E+00
  1.40E+01	1.55E+00
  1.16E+01	2.53E+00
  1.16E+01	2.71E+00
  1.19E+01	2.65E+00
  1.21E+01	2.75E+00
  1.23E+01	2.66E+00
  1.25E+01	2.86E+00
  1.35E+01	3.06E+00
  1.40E+01	3.13E+00
  2.14E+00	1.03E+00
  2.32E+00	1.03E+00
  2.24E+00	9.80E-01
# ========================
